start=4.037367
video-aspect=1.777778
